student_id,location,age,sql_marks,excel_marks,python_marks,power_bi_marks,english_marks,Total_marks,Percentage,Grades
4,Sydney,24,95,99,87,82,75,438,87.6,B Grade
5,Tokyo,24,99,95,89,86,82,451,90.2,A Grade
6,Berlin,22,72,70,99,79,77,397,79.4,Fail
7,London,23,97,90,74,72,85,418,83.6,B Grade
8,Tokyo,22,91,71,79,80,75,396,79.2,Fail
9,Toronto,20,93,88,75,93,72,421,84.2,B Grade
10,Tokyo,18,77,87,100,98,93,455,91.0,A Grade
11,Toronto,21,78,90,88,79,72,407,81.39999999999999,B Grade
12,Melbourne,24,80,95,87,90,94,446,89.2,B Grade
13,London,19,97,80,96,97,86,456,91.2,A Grade
14,Toronto,20,81,74,88,99,96,438,87.6,B Grade
15,Paris,24,94,93,87,80,71,425,85.0,B Grade
16,Tokyo,19,73,82,78,70,84,387,77.4,Fail
17,Tokyo,25,82,75,77,78,85,397,79.4,Fail
18,Melbourne,19,89,76,96,93,71,425,85.0,B Grade
19,Paris,22,72,92,70,82,83,399,79.80000000000001,Fail
20,Berlin,25,92,87,81,79,98,437,87.4,B Grade
21,Toronto,24,85,96,84,71,96,432,86.4,B Grade
22,Los Angeles,22,83,73,100,75,85,416,83.2,B Grade
23,New York,18,80,73,94,89,100,436,87.2,B Grade
24,Berlin,20,74,85,96,95,75,425,85.0,B Grade
25,Paris,20,92,98,94,74,77,435,87.0,B Grade
26,Sydney,18,90,91,89,94,93,457,91.4,A Grade
27,Toronto,21,92,79,93,82,99,445,89.0,B Grade
28,Los Angeles,25,84,85,82,96,75,422,84.39999999999999,B Grade
29,Berlin,20,92,82,98,76,71,419,83.8,B Grade
30,Tokyo,20,80,98,75,81,83,417,83.39999999999999,B Grade
31,London,23,78,80,71,82,92,403,80.60000000000001,B Grade
32,Sydney,24,94,74,99,92,79,438,87.6,B Grade
33,Tokyo,19,74,98,84,90,93,439,87.8,B Grade
34,Toronto,21,83,99,82,93,71,428,85.6,B Grade
35,Paris,23,96,74,89,86,92,437,87.4,B Grade
36,Berlin,21,76,86,87,87,82,418,83.6,B Grade
37,Tokyo,23,98,94,77,83,92,444,88.8,B Grade
38,Berlin,21,100,95,78,73,77,423,84.6,B Grade
39,Melbourne,20,88,99,99,92,89,467,93.4,A Grade
40,New York,22,70,78,79,100,85,412,82.39999999999999,B Grade
41,Berlin,24,86,74,92,85,76,413,82.6,B Grade
42,Paris,19,70,98,75,83,71,397,79.4,Fail
43,Sydney,21,96,89,72,71,96,424,84.8,B Grade
44,New York,22,91,78,81,72,78,400,80.0,B Grade
45,Los Angeles,21,94,79,83,88,93,437,87.4,B Grade
46,Los Angeles,24,90,96,84,91,71,432,86.4,B Grade
47,Berlin,21,79,70,91,81,73,394,78.8,Fail
48,Los Angeles,20,88,83,77,93,92,433,86.6,B Grade
49,Paris,21,87,74,70,98,89,418,83.6,B Grade
50,New York,22,99,70,81,79,76,405,81.0,B Grade
51,London,23,96,96,71,74,100,437,87.4,B Grade
52,Sydney,20,100,88,75,70,83,416,83.2,B Grade
53,Paris,20,82,78,71,83,99,413,82.6,B Grade
54,Paris,21,86,81,94,82,73,416,83.2,B Grade
55,Paris,22,72,79,99,95,73,418,83.6,B Grade
56,Tokyo,18,87,99,79,92,70,427,85.39999999999999,B Grade
57,Sydney,25,87,89,70,83,71,400,80.0,B Grade
58,Paris,24,87,74,82,100,82,425,85.0,B Grade
59,New York,21,91,98,95,88,72,444,88.8,B Grade
60,New York,19,95,94,94,83,78,444,88.8,B Grade
61,Melbourne,24,97,77,84,79,98,435,87.0,B Grade
62,Tokyo,24,92,78,89,79,86,424,84.8,B Grade
63,New York,22,90,98,76,83,96,443,88.6,B Grade
64,Los Angeles,20,71,71,94,75,84,395,79.0,Fail
65,Los Angeles,24,71,98,86,76,87,418,83.6,B Grade
66,Melbourne,20,70,88,77,72,81,388,77.60000000000001,Fail
67,Tokyo,22,81,78,91,94,95,439,87.8,B Grade
68,Sydney,25,94,83,73,93,88,431,86.2,B Grade
69,Tokyo,19,80,73,85,91,78,407,81.39999999999999,B Grade
70,Berlin,23,81,100,83,93,78,435,87.0,B Grade
71,Paris,24,83,95,98,80,85,441,88.2,B Grade
72,Berlin,25,91,73,83,88,70,405,81.0,B Grade
73,Berlin,24,75,92,92,96,70,425,85.0,B Grade
74,Paris,22,81,100,78,96,99,454,90.8,A Grade
75,Los Angeles,25,99,79,92,92,84,446,89.2,B Grade
76,Berlin,25,73,86,95,70,74,398,79.60000000000001,Fail
77,London,24,78,98,92,78,90,436,87.2,B Grade
78,Sydney,19,76,87,72,100,72,407,81.39999999999999,B Grade
79,New York,22,95,90,91,86,72,434,86.8,B Grade
80,Melbourne,20,88,73,72,89,73,395,79.0,Fail
81,Melbourne,22,93,98,79,87,88,445,89.0,B Grade
82,Berlin,23,85,85,87,81,91,429,85.8,B Grade
83,Tokyo,19,96,82,89,75,84,426,85.2,B Grade
84,London,23,100,80,74,70,85,409,81.8,B Grade
85,London,19,71,93,89,89,98,440,88.0,B Grade
86,New York,25,93,88,93,85,99,458,91.60000000000001,A Grade
87,Berlin,25,85,81,86,95,82,429,85.8,B Grade
88,Berlin,20,81,100,74,86,88,429,85.8,B Grade
89,Berlin,20,99,85,86,86,80,436,87.2,B Grade
90,New York,21,98,88,74,97,93,450,90.0,A Grade
91,London,21,100,95,81,86,70,432,86.4,B Grade
92,Paris,18,98,100,71,86,77,432,86.4,B Grade
93,Tokyo,25,98,80,89,80,100,447,89.4,B Grade
94,New York,21,70,75,98,95,95,433,86.6,B Grade
95,Tokyo,25,84,92,90,87,77,430,86.0,B Grade
96,New York,18,94,88,98,74,79,433,86.6,B Grade
97,Los Angeles,18,82,99,95,70,87,433,86.6,B Grade
98,Tokyo,21,75,71,99,76,97,418,83.6,B Grade
99,Melbourne,25,94,79,74,74,79,400,80.0,B Grade
100,Toronto,24,84,87,78,72,77,398,79.60000000000001,Fail
101,Sydney,21,86,90,89,93,97,455,91.0,A Grade
102,Paris,22,97,82,73,77,78,407,81.39999999999999,B Grade
103,Tokyo,24,73,99,75,79,96,422,84.39999999999999,B Grade
104,London,22,90,90,99,76,80,435,87.0,B Grade
105,Toronto,21,80,91,72,100,79,422,84.39999999999999,B Grade
106,Los Angeles,20,79,85,90,71,73,398,79.60000000000001,Fail
107,New York,24,94,92,90,98,85,459,91.8,A Grade
108,Paris,21,84,71,85,86,85,411,82.19999999999999,B Grade
109,Paris,20,87,86,72,88,83,416,83.2,B Grade
110,New York,25,79,96,96,92,78,441,88.2,B Grade
111,Melbourne,19,75,85,77,74,91,402,80.4,B Grade
112,Sydney,24,90,72,84,83,86,415,83.0,B Grade
113,Tokyo,25,72,81,91,97,90,431,86.2,B Grade
114,Toronto,18,88,80,92,89,85,434,86.8,B Grade
115,Toronto,23,84,74,81,73,78,390,78.0,Fail
116,Sydney,19,83,92,86,72,70,403,80.60000000000001,B Grade
117,Paris,22,70,87,76,95,74,402,80.4,B Grade
118,Berlin,22,93,87,79,89,71,419,83.8,B Grade
119,Berlin,25,86,74,83,100,91,434,86.8,B Grade
120,Toronto,20,98,100,87,90,82,457,91.4,A Grade
121,Berlin,22,85,94,99,71,71,420,84.0,B Grade
122,Sydney,24,95,92,72,95,86,440,88.0,B Grade
123,Sydney,23,92,89,83,97,98,459,91.8,A Grade
124,New York,18,86,78,90,95,88,437,87.4,B Grade
125,New York,20,80,98,77,82,79,416,83.2,B Grade
126,Sydney,24,87,97,90,88,77,439,87.8,B Grade
127,Sydney,23,71,72,100,91,95,429,85.8,B Grade
128,New York,21,72,78,88,85,94,417,83.39999999999999,B Grade
129,Berlin,23,73,76,89,80,80,398,79.60000000000001,Fail
130,Los Angeles,22,82,83,99,75,97,436,87.2,B Grade
131,London,20,95,83,90,73,72,413,82.6,B Grade
132,New York,25,74,76,83,77,80,390,78.0,Fail
133,Melbourne,21,100,90,80,73,74,417,83.39999999999999,B Grade
134,Toronto,23,88,93,72,82,95,430,86.0,B Grade
135,Berlin,22,77,72,84,93,87,413,82.6,B Grade
136,London,23,86,99,84,72,93,434,86.8,B Grade
137,Tokyo,19,79,98,98,95,82,452,90.4,A Grade
138,London,18,92,91,77,75,88,423,84.6,B Grade
139,Toronto,23,90,72,95,77,80,414,82.8,B Grade
140,London,19,76,84,100,88,70,418,83.6,B Grade
141,Tokyo,22,77,72,97,98,74,418,83.6,B Grade
142,Sydney,19,81,97,83,88,100,449,89.8,B Grade
143,New York,25,72,98,76,98,95,439,87.8,B Grade
144,Toronto,18,81,99,76,81,79,416,83.2,B Grade
145,Berlin,18,88,94,75,76,96,429,85.8,B Grade
146,New York,23,88,81,93,96,81,439,87.8,B Grade
147,New York,22,90,87,84,72,81,414,82.8,B Grade
148,Melbourne,20,94,87,76,72,97,426,85.2,B Grade
149,New York,21,80,84,90,72,75,401,80.2,B Grade
150,Toronto,23,97,86,86,77,86,432,86.4,B Grade
151,Tokyo,24,85,95,76,71,70,397,79.4,Fail
152,Toronto,18,72,84,82,71,79,388,77.60000000000001,Fail
153,London,25,87,90,74,99,100,450,90.0,A Grade
154,Melbourne,20,73,79,80,87,94,413,82.6,B Grade
155,Toronto,18,80,89,90,77,97,433,86.6,B Grade
156,Los Angeles,23,91,79,78,94,97,439,87.8,B Grade
157,Melbourne,23,97,99,70,91,90,447,89.4,B Grade
158,Sydney,23,82,100,100,98,75,455,91.0,A Grade
159,Berlin,25,97,82,84,88,99,450,90.0,A Grade
160,Tokyo,18,80,86,77,96,95,434,86.8,B Grade
161,Paris,25,91,93,96,93,75,448,89.60000000000001,B Grade
162,Sydney,18,70,74,95,84,89,412,82.39999999999999,B Grade
163,Paris,21,87,95,97,85,96,460,92.0,A Grade
164,Tokyo,24,74,95,93,84,81,427,85.39999999999999,B Grade
165,Sydney,19,83,71,95,72,84,405,81.0,B Grade
166,Berlin,23,71,89,79,93,93,425,85.0,B Grade
167,Tokyo,19,72,73,99,92,98,434,86.8,B Grade
168,Sydney,22,91,79,97,92,83,442,88.4,B Grade
169,London,22,95,83,96,97,74,445,89.0,B Grade
170,Paris,18,78,84,82,82,84,410,82.0,B Grade
171,Tokyo,20,97,90,85,77,74,423,84.6,B Grade
172,Toronto,25,87,74,77,98,87,423,84.6,B Grade
173,Sydney,19,81,95,79,82,94,431,86.2,B Grade
174,Melbourne,25,93,100,100,95,96,484,96.8,A Grade
175,Berlin,25,71,86,71,95,84,407,81.39999999999999,B Grade
176,Paris,18,71,93,90,96,81,431,86.2,B Grade
177,Berlin,18,70,95,99,100,83,447,89.4,B Grade
178,Los Angeles,22,77,95,97,77,80,426,85.2,B Grade
179,Los Angeles,25,71,99,73,92,85,420,84.0,B Grade
180,Toronto,22,82,92,84,95,88,441,88.2,B Grade
181,Los Angeles,18,88,90,90,73,77,418,83.6,B Grade
182,New York,19,92,71,100,89,92,444,88.8,B Grade
183,Melbourne,21,88,88,73,92,82,423,84.6,B Grade
184,Los Angeles,25,99,88,96,90,90,463,92.60000000000001,A Grade
185,Toronto,18,92,86,99,72,93,442,88.4,B Grade
186,Sydney,18,77,84,89,72,70,392,78.4,Fail
187,Tokyo,23,72,71,75,70,84,372,74.4,Fail
188,Toronto,21,85,72,83,94,100,434,86.8,B Grade
189,Toronto,19,100,94,88,74,88,444,88.8,B Grade
190,Toronto,20,93,90,98,73,74,428,85.6,B Grade
191,Tokyo,24,79,91,86,90,79,425,85.0,B Grade
192,New York,21,89,92,80,89,91,441,88.2,B Grade
193,Los Angeles,19,91,76,88,93,95,443,88.6,B Grade
194,Los Angeles,21,70,87,89,76,96,418,83.6,B Grade
195,Berlin,25,80,97,99,87,72,435,87.0,B Grade
196,Tokyo,21,82,90,90,85,92,439,87.8,B Grade
197,Melbourne,21,98,79,73,77,81,408,81.6,B Grade
198,Melbourne,24,94,72,70,98,86,420,84.0,B Grade
199,Tokyo,18,89,97,74,74,76,410,82.0,B Grade
200,Sydney,25,87,94,71,84,83,419,83.8,B Grade
201,Melbourne,25,100,91,75,99,98,463,92.60000000000001,A Grade
202,Melbourne,21,71,97,83,90,79,420,84.0,B Grade
203,Paris,24,74,80,85,72,95,406,81.2,B Grade
204,Toronto,23,94,85,93,71,82,425,85.0,B Grade
205,Toronto,19,73,85,95,96,87,436,87.2,B Grade
206,Berlin,23,78,99,82,72,86,417,83.39999999999999,B Grade
207,Los Angeles,18,95,83,94,89,100,461,92.2,A Grade
208,New York,21,92,70,71,74,74,381,76.2,Fail
209,Berlin,23,95,78,74,96,88,431,86.2,B Grade
210,New York,22,88,84,96,73,84,425,85.0,B Grade
211,Los Angeles,19,79,80,75,88,88,410,82.0,B Grade
212,Sydney,23,98,95,88,95,72,448,89.60000000000001,B Grade
213,Melbourne,24,74,77,81,82,75,389,77.8,Fail
214,Melbourne,19,79,97,76,70,98,420,84.0,B Grade
215,Los Angeles,25,76,99,85,75,88,423,84.6,B Grade
216,Melbourne,22,86,93,92,79,75,425,85.0,B Grade
217,Sydney,23,74,75,76,75,84,384,76.8,Fail
218,Paris,19,74,74,83,81,94,406,81.2,B Grade
219,Melbourne,22,75,85,74,81,99,414,82.8,B Grade
220,Los Angeles,25,97,75,75,87,87,421,84.2,B Grade
221,London,21,78,94,80,76,79,407,81.39999999999999,B Grade
222,Melbourne,25,75,98,72,89,84,418,83.6,B Grade
223,Toronto,19,80,74,78,95,95,422,84.39999999999999,B Grade
224,Tokyo,18,95,81,72,83,90,421,84.2,B Grade
225,Berlin,20,73,90,80,76,72,391,78.2,Fail
226,New York,21,74,96,98,88,79,435,87.0,B Grade
227,Melbourne,21,75,84,72,89,91,411,82.19999999999999,B Grade
228,Paris,20,87,91,96,80,92,446,89.2,B Grade
229,Paris,18,72,93,92,73,85,415,83.0,B Grade
230,Melbourne,25,74,95,98,79,91,437,87.4,B Grade
231,Melbourne,21,74,100,87,98,77,436,87.2,B Grade
232,Melbourne,24,87,78,83,81,82,411,82.19999999999999,B Grade
233,Paris,19,97,75,94,78,82,426,85.2,B Grade
234,London,18,79,91,84,75,83,412,82.39999999999999,B Grade
235,Melbourne,22,79,90,87,95,100,451,90.2,A Grade
236,Melbourne,20,94,85,95,82,78,434,86.8,B Grade
237,Melbourne,21,97,74,88,89,78,426,85.2,B Grade
238,Toronto,21,93,90,90,98,97,468,93.60000000000001,A Grade
239,Paris,21,80,72,90,100,91,433,86.6,B Grade
240,Paris,19,72,89,92,76,77,406,81.2,B Grade
241,Toronto,19,72,75,95,71,80,393,78.60000000000001,Fail
242,Los Angeles,20,89,71,90,77,87,414,82.8,B Grade
243,Toronto,24,72,86,93,72,80,403,80.60000000000001,B Grade
244,Berlin,18,91,74,87,76,85,413,82.6,B Grade
245,Sydney,19,81,77,96,86,83,423,84.6,B Grade
246,Berlin,22,82,85,76,83,84,410,82.0,B Grade
247,Berlin,19,70,78,87,79,76,390,78.0,Fail
248,London,22,88,94,94,79,87,442,88.4,B Grade
249,New York,22,74,82,76,86,94,412,82.39999999999999,B Grade
250,London,25,71,91,77,73,99,411,82.19999999999999,B Grade
251,Tokyo,25,84,72,82,100,96,434,86.8,B Grade
252,Los Angeles,24,83,70,83,70,72,378,75.6,Fail
253,Melbourne,19,85,99,94,85,97,460,92.0,A Grade
254,New York,21,87,87,90,82,86,432,86.4,B Grade
255,Los Angeles,19,88,83,99,82,99,451,90.2,A Grade
256,London,23,88,88,77,98,87,438,87.6,B Grade
257,Los Angeles,18,90,84,81,70,81,406,81.2,B Grade
258,Tokyo,21,80,100,98,100,75,453,90.60000000000001,A Grade
259,Paris,23,83,98,95,100,92,468,93.60000000000001,A Grade
260,Los Angeles,18,90,83,71,80,77,401,80.2,B Grade
261,Melbourne,18,83,91,91,95,99,459,91.8,A Grade
262,London,24,74,95,90,87,87,433,86.6,B Grade
263,Melbourne,24,99,83,97,86,97,462,92.4,A Grade
264,New York,23,83,76,99,77,84,419,83.8,B Grade
265,London,18,100,82,73,77,91,423,84.6,B Grade
266,Berlin,20,72,87,99,71,80,409,81.8,B Grade
267,Tokyo,20,90,94,97,85,73,439,87.8,B Grade
268,Paris,21,91,81,100,99,72,443,88.6,B Grade
269,London,22,73,70,92,90,95,420,84.0,B Grade
270,Paris,20,82,76,77,73,92,400,80.0,B Grade
271,Berlin,19,85,79,76,70,95,405,81.0,B Grade
272,Toronto,24,86,73,97,95,78,429,85.8,B Grade
273,Los Angeles,21,87,80,73,91,78,409,81.8,B Grade
274,Sydney,22,79,97,77,83,95,431,86.2,B Grade
275,Los Angeles,22,87,87,97,75,89,435,87.0,B Grade
276,Melbourne,19,94,90,95,86,77,442,88.4,B Grade
277,Toronto,23,81,74,90,84,84,413,82.6,B Grade
278,Toronto,22,99,95,74,76,87,431,86.2,B Grade
279,Tokyo,19,82,92,75,92,98,439,87.8,B Grade
280,Sydney,20,95,76,73,76,70,390,78.0,Fail
281,Melbourne,21,82,84,71,92,98,427,85.39999999999999,B Grade
282,Toronto,20,81,74,98,72,93,418,83.6,B Grade
283,Paris,25,71,70,97,78,73,389,77.8,Fail
284,New York,21,76,94,95,92,91,448,89.60000000000001,B Grade
285,Sydney,18,90,75,96,87,70,418,83.6,B Grade
286,London,22,90,73,99,74,96,432,86.4,B Grade
287,Tokyo,24,84,79,73,73,96,405,81.0,B Grade
288,New York,18,96,83,82,90,96,447,89.4,B Grade
289,Paris,19,81,86,75,74,81,397,79.4,Fail
290,Tokyo,20,88,76,86,79,73,402,80.4,B Grade
291,Toronto,25,78,73,90,82,91,414,82.8,B Grade
292,Sydney,25,84,79,84,86,90,423,84.6,B Grade
293,New York,23,72,99,82,88,82,423,84.6,B Grade
294,New York,22,88,96,77,100,87,448,89.60000000000001,B Grade
295,Paris,21,71,91,89,77,81,409,81.8,B Grade
296,Los Angeles,18,70,99,84,90,92,435,87.0,B Grade
297,Melbourne,21,72,80,79,84,96,411,82.19999999999999,B Grade
298,Los Angeles,18,83,79,95,87,90,434,86.8,B Grade
299,Melbourne,19,91,73,73,87,71,395,79.0,Fail
300,Toronto,19,77,76,86,86,73,398,79.60000000000001,Fail
301,Tokyo,21,77,87,94,78,91,427,85.39999999999999,B Grade
302,London,22,80,92,91,86,97,446,89.2,B Grade
303,Melbourne,19,79,81,86,82,83,411,82.19999999999999,B Grade
304,Los Angeles,20,94,74,94,89,72,423,84.6,B Grade
305,London,25,94,90,90,91,80,445,89.0,B Grade
306,London,22,100,94,89,93,70,446,89.2,B Grade
307,New York,21,81,76,86,83,91,417,83.39999999999999,B Grade
308,London,20,80,79,82,76,70,387,77.4,Fail
309,Melbourne,19,95,99,81,75,98,448,89.60000000000001,B Grade
310,Los Angeles,22,100,81,74,88,70,413,82.6,B Grade
311,Los Angeles,21,75,83,98,71,88,415,83.0,B Grade
312,Toronto,20,76,99,71,73,100,419,83.8,B Grade
313,Los Angeles,19,79,73,72,90,91,405,81.0,B Grade
314,Tokyo,25,81,83,94,85,77,420,84.0,B Grade
315,London,23,100,77,100,81,70,428,85.6,B Grade
316,Melbourne,21,73,81,74,73,95,396,79.2,Fail
317,New York,19,86,85,76,94,96,437,87.4,B Grade
318,Sydney,19,87,91,86,87,95,446,89.2,B Grade
319,Paris,19,89,76,76,77,91,409,81.8,B Grade
320,London,21,91,72,71,96,94,424,84.8,B Grade
321,Sydney,19,95,70,87,100,81,433,86.6,B Grade
322,London,20,82,71,70,80,94,397,79.4,Fail
323,New York,23,89,90,88,89,77,433,86.6,B Grade
324,Tokyo,19,97,94,90,94,82,457,91.4,A Grade
325,Tokyo,19,76,87,82,98,87,430,86.0,B Grade
326,Tokyo,19,82,85,87,100,75,429,85.8,B Grade
327,Sydney,21,92,77,71,94,95,429,85.8,B Grade
328,Tokyo,20,88,87,74,81,82,412,82.39999999999999,B Grade
329,Sydney,18,98,95,82,77,76,428,85.6,B Grade
330,Sydney,25,99,79,97,85,80,440,88.0,B Grade
331,Paris,21,70,86,77,88,91,412,82.39999999999999,B Grade
332,Toronto,20,95,85,82,95,94,451,90.2,A Grade
333,Paris,19,81,97,86,78,95,437,87.4,B Grade
334,Tokyo,20,81,82,97,79,99,438,87.6,B Grade
335,Tokyo,23,89,76,73,77,79,394,78.8,Fail
336,Melbourne,23,86,89,84,72,92,423,84.6,B Grade
337,Berlin,19,98,81,88,71,70,408,81.6,B Grade
338,London,25,98,79,73,75,94,419,83.8,B Grade
339,London,24,92,90,85,76,91,434,86.8,B Grade
340,Sydney,23,90,77,83,97,75,422,84.39999999999999,B Grade
341,Berlin,21,72,93,83,100,88,436,87.2,B Grade
342,London,18,95,74,100,89,78,436,87.2,B Grade
343,New York,19,99,72,88,92,90,441,88.2,B Grade
344,New York,21,96,83,86,78,74,417,83.39999999999999,B Grade
345,Los Angeles,23,81,84,78,74,86,403,80.60000000000001,B Grade
346,Paris,22,72,95,76,99,87,429,85.8,B Grade
347,Los Angeles,21,81,91,86,85,78,421,84.2,B Grade
348,Melbourne,20,71,81,72,75,87,386,77.2,Fail
349,Toronto,24,90,76,85,80,90,421,84.2,B Grade
350,New York,21,93,75,91,94,70,423,84.6,B Grade
351,Melbourne,21,76,87,73,84,93,413,82.6,B Grade
352,Paris,20,87,81,82,81,98,429,85.8,B Grade
353,Los Angeles,24,93,91,82,96,81,443,88.6,B Grade
354,London,20,76,87,100,84,95,442,88.4,B Grade
355,Sydney,23,72,81,79,78,92,402,80.4,B Grade
356,London,22,79,90,94,97,87,447,89.4,B Grade
357,Los Angeles,20,81,81,74,80,99,415,83.0,B Grade
358,Tokyo,25,84,81,92,93,95,445,89.0,B Grade
359,Toronto,23,93,77,75,78,93,416,83.2,B Grade
360,Melbourne,25,99,86,100,90,71,446,89.2,B Grade
361,Tokyo,18,79,84,89,96,85,433,86.6,B Grade
362,Los Angeles,22,100,79,91,88,100,458,91.60000000000001,A Grade
363,New York,22,83,88,79,73,88,411,82.19999999999999,B Grade
364,Melbourne,23,80,88,86,92,70,416,83.2,B Grade
365,London,18,99,76,86,92,77,430,86.0,B Grade
366,Sydney,19,91,92,90,94,96,463,92.60000000000001,A Grade
367,New York,22,74,73,79,99,89,414,82.8,B Grade
368,Los Angeles,18,94,99,70,96,79,438,87.6,B Grade
369,Berlin,19,75,85,94,100,82,436,87.2,B Grade
370,Toronto,25,77,71,71,87,88,394,78.8,Fail
371,Tokyo,23,97,91,94,75,77,434,86.8,B Grade
372,Toronto,25,79,100,90,71,82,422,84.39999999999999,B Grade
373,Sydney,19,81,83,100,74,72,410,82.0,B Grade
374,Los Angeles,23,75,91,93,86,80,425,85.0,B Grade
375,Toronto,22,78,72,70,86,77,383,76.6,Fail
376,Sydney,23,100,93,76,85,94,448,89.60000000000001,B Grade
377,Los Angeles,23,88,89,98,96,75,446,89.2,B Grade
378,Melbourne,20,78,93,88,70,70,399,79.80000000000001,Fail
379,Berlin,20,74,84,87,84,93,422,84.39999999999999,B Grade
380,New York,24,92,70,96,81,97,436,87.2,B Grade
381,Toronto,20,87,77,94,86,92,436,87.2,B Grade
382,Paris,19,81,84,81,80,90,416,83.2,B Grade
383,Tokyo,25,99,83,79,83,95,439,87.8,B Grade
384,London,18,90,90,76,93,74,423,84.6,B Grade
385,Tokyo,25,87,70,92,91,71,411,82.19999999999999,B Grade
386,New York,19,94,91,99,85,99,468,93.60000000000001,A Grade
387,Tokyo,19,93,96,77,100,98,464,92.80000000000001,A Grade
388,Toronto,21,87,75,79,76,99,416,83.2,B Grade
389,Los Angeles,19,78,82,79,80,76,395,79.0,Fail
390,Los Angeles,25,91,84,83,89,88,435,87.0,B Grade
391,Sydney,18,85,76,71,86,99,417,83.39999999999999,B Grade
392,Tokyo,20,87,96,89,94,95,461,92.2,A Grade
393,Melbourne,18,78,90,97,99,99,463,92.60000000000001,A Grade
394,Los Angeles,22,92,83,86,96,87,444,88.8,B Grade
395,New York,25,70,100,79,78,74,401,80.2,B Grade
396,Sydney,21,99,86,95,79,79,438,87.6,B Grade
397,Berlin,21,82,94,81,99,95,451,90.2,A Grade
398,Melbourne,20,97,83,98,74,80,432,86.4,B Grade
399,Paris,24,95,74,84,98,83,434,86.8,B Grade
400,Paris,21,82,97,91,82,88,440,88.0,B Grade
401,Toronto,21,80,89,77,98,71,415,83.0,B Grade
402,Los Angeles,20,74,99,72,92,91,428,85.6,B Grade
403,Paris,23,72,99,97,71,94,433,86.6,B Grade
404,Paris,20,98,83,90,70,84,425,85.0,B Grade
405,New York,23,72,73,81,84,87,397,79.4,Fail
406,New York,25,89,80,92,71,90,422,84.39999999999999,B Grade
407,Toronto,25,78,89,79,100,81,427,85.39999999999999,B Grade
408,Los Angeles,23,74,93,96,71,71,405,81.0,B Grade
409,Sydney,21,86,86,97,80,84,433,86.6,B Grade
410,Tokyo,25,93,99,81,76,73,422,84.39999999999999,B Grade
411,Berlin,21,80,70,91,96,77,414,82.8,B Grade
412,Berlin,19,88,73,94,72,90,417,83.39999999999999,B Grade
413,Paris,18,84,81,86,82,95,428,85.6,B Grade
414,New York,21,78,92,95,88,84,437,87.4,B Grade
415,Berlin,23,81,81,85,76,81,404,80.80000000000001,B Grade
416,Paris,22,92,91,94,71,96,444,88.8,B Grade
417,Los Angeles,25,75,86,98,97,74,430,86.0,B Grade
418,Sydney,21,84,100,97,99,73,453,90.60000000000001,A Grade
419,New York,20,90,98,83,86,72,429,85.8,B Grade
420,Berlin,24,80,93,73,80,92,418,83.6,B Grade
421,Toronto,18,91,90,90,83,87,441,88.2,B Grade
422,Los Angeles,21,87,100,88,84,81,440,88.0,B Grade
423,Paris,23,74,72,88,73,71,378,75.6,Fail
424,Tokyo,20,92,87,92,81,84,436,87.2,B Grade
425,Sydney,22,74,98,96,70,71,409,81.8,B Grade
426,Tokyo,20,80,75,83,100,98,436,87.2,B Grade
427,Sydney,21,89,79,73,74,84,399,79.80000000000001,Fail
428,Berlin,21,78,95,79,96,73,421,84.2,B Grade
429,Los Angeles,19,70,84,83,95,83,415,83.0,B Grade
430,Paris,20,73,76,82,79,95,405,81.0,B Grade
431,Toronto,18,78,96,99,79,71,423,84.6,B Grade
432,Sydney,18,93,99,73,82,89,436,87.2,B Grade
433,Sydney,20,74,89,96,89,98,446,89.2,B Grade
434,Tokyo,22,79,79,85,82,80,405,81.0,B Grade
435,Los Angeles,19,70,78,70,71,70,359,71.8,Fail
436,Berlin,25,84,74,97,91,76,422,84.39999999999999,B Grade
437,Melbourne,19,87,74,74,81,79,395,79.0,Fail
438,London,23,77,78,86,97,83,421,84.2,B Grade
439,Berlin,21,92,99,96,92,88,467,93.4,A Grade
440,Melbourne,19,88,81,95,76,92,432,86.4,B Grade
441,New York,19,81,76,83,78,70,388,77.60000000000001,Fail
442,Berlin,18,89,79,70,93,76,407,81.39999999999999,B Grade
443,Berlin,22,93,83,72,94,92,434,86.8,B Grade
444,Sydney,23,93,73,71,82,72,391,78.2,Fail
445,Tokyo,22,71,95,81,97,72,416,83.2,B Grade
446,London,20,86,81,85,78,86,416,83.2,B Grade
447,Berlin,22,71,71,71,73,100,386,77.2,Fail
448,Melbourne,23,85,93,91,73,78,420,84.0,B Grade
449,Melbourne,19,75,84,91,91,76,417,83.39999999999999,B Grade
450,New York,23,78,76,82,93,90,419,83.8,B Grade
451,Paris,19,96,81,88,98,87,450,90.0,A Grade
452,London,19,89,96,91,91,87,454,90.8,A Grade
453,Paris,19,89,83,94,82,96,444,88.8,B Grade
454,Berlin,21,73,85,89,88,80,415,83.0,B Grade
455,Toronto,19,83,79,97,72,99,430,86.0,B Grade
456,Toronto,23,71,80,82,75,96,404,80.80000000000001,B Grade
457,New York,22,96,91,74,87,93,441,88.2,B Grade
458,Toronto,20,83,92,92,84,97,448,89.60000000000001,B Grade
459,Toronto,18,93,80,94,74,76,417,83.39999999999999,B Grade
460,Tokyo,22,87,97,95,91,73,443,88.6,B Grade
461,Paris,21,98,86,74,96,84,438,87.6,B Grade
462,Melbourne,19,87,86,96,74,84,427,85.39999999999999,B Grade
463,Sydney,22,73,79,74,80,97,403,80.60000000000001,B Grade
464,New York,25,96,76,97,75,84,428,85.6,B Grade
465,Paris,22,94,100,83,82,83,442,88.4,B Grade
466,Toronto,22,97,86,94,83,99,459,91.8,A Grade
467,Los Angeles,20,75,93,75,85,99,427,85.39999999999999,B Grade
468,Sydney,22,92,79,71,81,88,411,82.19999999999999,B Grade
469,Sydney,20,86,99,82,92,88,447,89.4,B Grade
470,Toronto,25,82,70,83,72,97,404,80.80000000000001,B Grade
471,Tokyo,22,94,71,84,87,70,406,81.2,B Grade
472,Melbourne,20,83,88,85,85,73,414,82.8,B Grade
473,Los Angeles,23,76,89,98,80,94,437,87.4,B Grade
474,Paris,20,78,87,79,94,70,408,81.6,B Grade
475,London,22,77,75,88,98,89,427,85.39999999999999,B Grade
476,Melbourne,20,95,82,96,93,70,436,87.2,B Grade
477,New York,23,91,90,75,88,85,429,85.8,B Grade
478,Tokyo,21,98,89,94,75,97,453,90.60000000000001,A Grade
479,London,23,81,91,93,81,75,421,84.2,B Grade
480,London,19,94,89,79,88,85,435,87.0,B Grade
481,Sydney,24,70,79,80,83,78,390,78.0,Fail
482,Toronto,20,81,91,92,98,77,439,87.8,B Grade
483,New York,20,81,95,90,83,71,420,84.0,B Grade
484,Toronto,18,87,78,71,73,98,407,81.39999999999999,B Grade
485,Paris,21,89,98,96,83,79,445,89.0,B Grade
486,Los Angeles,20,70,89,89,78,83,409,81.8,B Grade
487,Los Angeles,25,74,79,81,87,72,393,78.60000000000001,Fail
488,Berlin,21,88,94,94,77,81,434,86.8,B Grade
489,Los Angeles,24,70,89,81,91,70,401,80.2,B Grade
490,Tokyo,18,87,100,95,89,85,456,91.2,A Grade
491,Melbourne,25,75,77,82,99,83,416,83.2,B Grade
492,London,23,85,73,78,81,96,413,82.6,B Grade
493,Los Angeles,24,94,74,80,92,95,435,87.0,B Grade
494,Melbourne,25,84,96,72,93,86,431,86.2,B Grade
495,New York,24,83,78,82,84,84,411,82.19999999999999,B Grade
496,New York,23,71,92,98,78,88,427,85.39999999999999,B Grade
497,Los Angeles,20,90,100,90,78,73,431,86.2,B Grade
498,Paris,22,78,80,78,71,70,377,75.4,Fail
499,Los Angeles,21,96,93,78,78,82,427,85.39999999999999,B Grade
500,London,22,85,87,93,70,86,421,84.2,B Grade
